@00000754
30 31 32 33 34 35 36 37 38 39 41 42 43 44 45 46
00 00 00 00 30 31 32 33 34 35 36 37 38 39 61 62
63 64 65 66 00 00 00 00 28 6E 75 6C 6C 29 00 00
61 6D 6F 61 64 64 20 3A 20 6F 6C 64 3D 25 64 20
6E 6F 77 3D 25 64 20 20 20 28 77 61 6E 74 20 31
30 2C 31 35 29 0A 00 00 61 6D 6F 73 77 61 70 3A
20 6F 6C 64 3D 25 64 20 6E 6F 77 3D 25 64 20 20
20 28 77 61 6E 74 20 31 35 2C 39 39 29 0A 00 00
61 6D 6F 6F 72 20 20 3A 20 6E 6F 77 3D 25 78 20
20 20 20 20 20 20 28 77 61 6E 74 20 66 66 29 0A
00 00 00 00 61 6D 6F 61 6E 64 20 3A 20 6E 6F 77
3D 25 78 20 20 20 20 20 20 20 20 28 77 61 6E 74
20 66 29 0A 00 00 00 00 61 6D 6F 78 6F 72 20 3A
20 6E 6F 77 3D 25 78 20 20 20 20 20 20 20 28 77
61 6E 74 20 35 35 29 0A 00 00 00 00 61 6D 6F 6D
61 78 20 3A 20 6E 6F 77 3D 25 64 20 20 20 20 20
20 20 20 28 77 61 6E 74 20 33 29 0A 00 00 00 00
61 6D 6F 6D 69 6E 20 3A 20 6E 6F 77 3D 25 64 20
20 20 20 20 20 20 28 77 61 6E 74 20 2D 35 29 0A
00 00 00 00 6C 72 2F 73 63 20 20 3A 20 6C 6F 61
64 65 64 3D 25 64 20 73 63 3D 25 64 20 6E 6F 77
3D 25 64 20 20 28 77 61 6E 74 20 34 32 2C 30 2C
34 33 29 0A 00 00 00 00 73 63 20 61 67 61 69 6E
3A 20 73 63 3D 25 64 20 6E 6F 77 3D 25 64 20 20
20 20 20 20 20 20 20 20 28 77 61 6E 74 20 31 2C
34 33 29 0A 00 00 00 00 6C 6F 63 6B 20 20 20 3A
20 70 72 65 76 3D 25 64 20 68 65 6C 64 3D 25 64
20 20 20 20 20 20 20 20 28 77 61 6E 74 20 30 2C
31 29 0A 00 52 56 33 32 41 20 4F 4B 0A 00 00 00
C4 02 00 00 6C 03 00 00 6C 03 00 00 6C 03 00 00
6C 03 00 00 6C 03 00 00 6C 03 00 00 6C 03 00 00
6C 03 00 00 6C 03 00 00 6C 03 00 00 F4 01 00 00
F4 02 00 00 6C 03 00 00 6C 03 00 00 6C 03 00 00
6C 03 00 00 6C 03 00 00 6C 03 00 00 6C 03 00 00
6C 03 00 00 6C 03 00 00 6C 03 00 00 6C 03 00 00
6C 03 00 00 6C 03 00 00 6C 03 00 00 28 02 00 00
6C 03 00 00 64 02 00 00 6C 03 00 00 6C 03 00 00
94 02 00 00
